// 0x00000000
00000000000000000000000000000000
01010000000000000000000000001101
01010001000000000000000000010001
01010010000000000000000000000000
01010011000000000000000000000001
01010100000000000000000000000000
01010101111111111111111111111111
01010110000000000000000011111111
11001000000001010000010100000101
11010000000001010000010100000110
11110000000000010000000100000000
01100100000000010000000000000000
11110000000001000000010000000011
11100000000001110000000000000101
11110000000001110000011100000011
11110000000001110000011100000100
// 0x00000010
10110001000000000000000000001010
00000000000000000000000000000000
00000000000000000000000000000000
00000000000000000000000000000000
00000000000000000000000000000000
10000000000001000000000000000000
00000000000000000000000000000000
00000000000000000000000000000000
00000000000000000000000000000000
00000000000000000000000000000000
00000000000000000000000000000000
00000000000000000000000000000000
00000000000000000000000000000000
00000000000000000000000000000000
00000000000000000000000000000000
00000000000000000000000000000000
